  -3.6229016e-01   1.1045372e+00   0.0000000e+00
  -9.6739337e-02   1.7209056e+00   0.0000000e+00
   1.1455963e+00   2.6816413e+00   0.0000000e+00
  -6.6678497e-01   2.0560250e-01   0.0000000e+00
   6.0780158e-01   3.0897573e+00   0.0000000e+00
   2.3905846e-01   4.1558706e+00   0.0000000e+00
  -1.8114721e-01   2.7611991e+00   0.0000000e+00
  -8.1872757e-01   1.4566798e+00   0.0000000e+00
  -2.2009464e-01   2.2936857e+00   0.0000000e+00
  -6.7150004e-02   1.0904523e+00   0.0000000e+00
  -1.1381885e+00   3.2287117e+00   0.0000000e+00
   1.4886373e-01   2.8551924e+00   0.0000000e+00
  -6.3694563e-01   2.4619274e+00   0.0000000e+00
  -7.2998446e-02   1.2256133e+00   0.0000000e+00
   2.6042973e-01   2.3607980e+00   0.0000000e+00
   1.5006464e+00   1.8196774e+00   1.0000000e+00
   1.7214491e+00   2.5746001e+00   1.0000000e+00
   1.4901676e+00   1.5616951e+00   1.0000000e+00
   1.0825560e+00   2.3391527e+00   1.0000000e+00
   1.1871932e+00   1.8942817e+00   1.0000000e+00
   1.8122621e+00   2.6487077e+00   1.0000000e+00
   4.8048977e-01   1.3205333e+00   1.0000000e+00
   2.5434545e+00   1.8563204e+00   1.0000000e+00
   1.8946380e+00   1.0104000e+00   1.0000000e+00
   2.6253480e+00   2.4110139e+00   1.0000000e+00
   2.2411811e+00   2.6382879e+00   1.0000000e+00
   2.4421038e+00   2.0360029e+00   1.0000000e+00
   6.7345623e-01   9.9470475e-01   1.0000000e+00
   1.0874478e+00   1.3485217e+00   1.0000000e+00
   1.6001955e+00   1.1065513e+00   1.0000000e+00
